40
0.04 1.21429
0.24 1.26143
0.373333 1.39429
0.462222 1.61714
0.555556 1.81429
0.68 1.9
0.813333 1.92571
0.862222 1.86571
0.791111 1.86143
0.702222 1.80571
0.617778 1.72857
0.568889 1.64286
0.595556 1.6
0.586667 1.53143
0.524444 1.50571
0.444444 1.43286
0.413333 1.34286
0.324445 1.25286
0.217778 1.20143
0.151111 1.11571
0.173333 1.05143
0.204444 1.00429
0.133333 0.948571
0.0977778 0.905714
0.0888889 0.832857
0.0799999 0.717143
0.186667 0.67
0.275556 0.61
0.24 0.562857
0.133333 0.55
0.115556 0.498571
0.0933332 0.382857
0.151111 0.331429
0.315556 0.288571
0.493333 0.25
0.617778 0.19
0.622222 0.13
0.537778 0.13
0.351111 0.181429
0.04 0.168571
