44
0.0577779 1.48429
0.244444 1.54857
0.337778 1.65143
0.386667 1.79286
0.32 1.96857
0.355556 2.09286
0.404444 2.23
0.573333 2.26857
0.742222 2.22571
0.786667 2.17429
0.702222 2.15714
0.613333 2.17857
0.52 2.19143
0.44 2.11857
0.4 2.01143
0.431111 1.96
0.555556 1.91714
0.6 1.84
0.542222 1.81
0.471111 1.79286
0.453333 1.69857
0.404444 1.57429
0.288889 1.49714
0.208889 1.40286
0.275556 1.36
0.293333 1.3
0.217778 1.27
0.16 1.21429
0.12 1.06
0.173333 1.01714
0.244444 1.00857
0.368889 0.982857
0.36 0.897143
0.235556 0.867143
0.12 0.82
0.124444 0.717143
0.115556 0.58
0.115556 0.425714
0.213333 0.365714
0.426667 0.31
0.622222 0.245714
0.617778 0.16
0.417778 0.181429
0.0577779 0.198571
