34
0.0711112 1.12857
0.208889 1.14143
0.355556 1.21
0.431111 1.35143
0.44 1.51857
0.462222 1.68571
0.555556 1.97286
0.671111 2.02
0.728889 1.97714
0.697778 1.95143
0.622222 1.92571
0.528889 1.71143
0.52 1.6
0.506667 1.45429
0.484444 1.32143
0.413333 1.20143
0.306667 1.11571
0.168889 1.07286
0.0977778 1.00429
0.106667 0.892857
0.222222 0.837143
0.302222 0.807143
0.328889 0.772857
0.271111 0.747143
0.182222 0.73
0.111111 0.682857
0.0888889 0.571429
0.0977778 0.494286
0.137778 0.434286
0.275556 0.408571
0.462222 0.395714
0.586667 0.335714
0.484444 0.314286
0.0488889 0.301429
